[gd_scene load_steps=7 format=2]

[ext_resource path="res://level/floor_material.tres" type="Material" id=1]
[ext_resource path="res://level/box_material.tres" type="Material" id=2]

[sub_resource type="CubeMesh" id=1]
size = Vector3( 12, 1, 12 )

[sub_resource type="BoxShape" id=2]
extents = Vector3( 6, 0.5, 6 )

[sub_resource type="CubeMesh" id=3]
size = Vector3( 1, 1, 1 )

[sub_resource type="BoxShape" id=4]
extents = Vector3( 0.5, 0.5, 0.5 )

[node name="Level" type="Spatial"]

[node name="Ground" type="StaticBody" parent="."]
transform = Transform( 1, 0, 0, 0, 1, 0, 0, 0, 1, 0, -0.5, 0 )

[node name="MeshInstance" type="MeshInstance" parent="Ground"]
mesh = SubResource( 1 )
material/0 = ExtResource( 1 )

[node name="CollisionShape" type="CollisionShape" parent="Ground"]
visible = false
shape = SubResource( 2 )

[node name="Box1" type="RigidBody" parent="."]
transform = Transform( 0.93052, 0, 0.366241, 0, 1, 0, -0.366241, 0, 0.93052, -2.49696, 0.5, 2.59426 )

[node name="MeshInstance" type="MeshInstance" parent="Box1"]
mesh = SubResource( 3 )
material/0 = ExtResource( 2 )

[node name="CollisionShape" type="CollisionShape" parent="Box1"]
visible = false
shape = SubResource( 4 )

[node name="Box2" type="RigidBody" parent="."]
transform = Transform( 0.792098, 0, -0.610394, 0, 1, 0, 0.610394, 0, 0.792098, -1.12062, 0.5, -3.99676 )

[node name="MeshInstance" type="MeshInstance" parent="Box2"]
mesh = SubResource( 3 )
material/0 = ExtResource( 2 )

[node name="CollisionShape" type="CollisionShape" parent="Box2"]
visible = false
shape = SubResource( 4 )

[node name="Box3" type="RigidBody" parent="."]
transform = Transform( 0.859406, 0, 0.511293, 0, 1, 0, -0.511293, 0, 0.859406, 4.66733, 0.5, 0.40586 )

[node name="MeshInstance" type="MeshInstance" parent="Box3"]
mesh = SubResource( 3 )
material/0 = ExtResource( 2 )

[node name="CollisionShape" type="CollisionShape" parent="Box3"]
visible = false
shape = SubResource( 4 )
